00100
00101
00102
00103
00104
00105
00106
00107
00108
00109
00110
00112
00113
00116
00117
00118
00119
00120
00121
00122
00123
00124
00125
00127
00128
00129
00130
00131
00132
00133
00134
00135
00136
00137
00138
00139
00140
00141
00142
00143
00144
00145
00146
00147
00148
00149
00150
00151
00152
00153
00154
00155
00157
00158
00159
00160
00161
00162
00163
00164
00165
00166
00167
00168
00169
00170
00171
00172
00173
00174
00175
00176
00177
00178
00179
00180
00181
00182
00183
00184
00185
00186
00187
00188
00189
00190
00191
00192
00193
00194
00195
00196
00197
00198
00199
00200
00201
00202
00203
00204
00205
00206
00207
00208
00209
00210
00211
00212
00213
00214
00215
00216
00217
00218
00219
00220
00221
00223
00224
00225
00226
00228
00229
00230
00231
00232
00234
00236
00237
00238
00239
00240
00241
00242
00243
00244
00245
00246
00247
00248
00249
00250
00251
00252
00253
00254
00255
00256
00259
00260
00261
00262
00263
00264
00265
00266
00268
00269
00270
00271
00272
00273
00274
00275
00276
00277
00278
00279
00280
00281
00282
00283
00284
00285
00286
00287
00288
00289
00290
00291
00292
00293
00294
00295
00297
00298
00299
00300
00301
00302
00303
00304
00305
00306
00307
00308
00309
00310
00311
00312
00313
00314
00315
00317
00318
00319
00320
00321
00322
00323
00324
00325
00326
00327
00328
00329
00330
00331
00332
00333
00334
00335
00336
00337
00339
00340
00341
00342
00343
00344
00345
00346
00347
00348
00349
00350
00351
00352
00354
00355
00356
00357
00358
00360
00361
00362
00363
00364
00365
00366
00367
00368
00369
00370
00371
00372
00373
00375
00376
00377
00378
00379
00380
00381
00382
00383
00384
00385
00386
00387
00388
00389
00390
00391
00393
00394
00395
00396
00397
00398
00399
00400
00401
00402
00403
00405
00406
00408
00409
00410
00411
00412
00413
00414
00415
00416
00417
00418
00419
00420
00421
00422
00424
00425
00427
00428
00429
00430
00431
00432
00433
00434
00435
00436
00437
00438
00439
00440
00441
00442
00443
00444
00445
00446
00447
00448
00449
00450
00451
00452
00454
00455
00456
00457
00458
00459
00460
00461
00462
00463
00464
00465
00466
00467
00468
00469
00470
00471
00472
00473
00474
00475
00476
00477
00478
00479
00480
00481
00482
00483
00485
00486
00487
00488
00489
00490
00491
00492
00493
00494
00495
00496
00497
00498
00499
00500
00501
00502
00503
00505
00506
00507
00509
00510
00511
00512
00513
00514
00515
00516
00517
00518
00519
00520
00521
00523
00524
00525
00527
00529
00530
00531
00532
00533
00534
00535
00536
00537
00538
00539
00541
00542
00543
00544
00545
00546
00547
00548
00550
00551
00552
00553
00554
00555
00557
00558
00559
00560
00561
00562
00564
00565
00566
00567
00568
00569
00570
00572
00573
00574
00575
00577
00578
00579
00580
00581
00582
00583
00584
00585
00586
00587
00588
00589
00590
00591
00592
00593
00594
00595
00596
00597
00598
00599
00601
00602
00604
00605
00607
00609
00610
00611
00612
00613
00614
00615
00616
00617
00618
00619
00620
00621
00622
00623
00624
00625
00626
00627
00628
00629
00630
00631
00632
00633
00634
00635
00636
00637
00639
00640
00641
00642
00643
00644
00645
00646
00647
00648
00649
00650
00651
00652
00653
00654
00655
00656
00657
00658
00659
00660
00661
00662
00663
00665
00666
00667
00669
00670
00671
00673
00674
00675
00676
00677
00678
00679
00680
00681
00682
00683
00684
00686
00687
00688
00689
00690
00691
00693
00694
00695
00696
00697
00698
00699
00701
00702
00703
00704
00706
00708
00709
00710
00711
00712
00713
00714
00715
00716
00717
00718
00719
00720
00721
00722
00723
00724
00725
00726
00727
00728
00729
00730
00731
00732
00733
00734
00735
00736
00737
00738
00739
00740
00741
00743
00744
00745
00746
00748
00749
00750
00751
00752
00753
00754
00755
00756
00757
00758
00759
00760
00762
00763
00765
00766
00767
00768
00769
00770
00771
00772
00773
00774
00776
00778
00779
00780
00781
00782
00783
00784
00785
00786
00788
00789
00790
00791
00792
00795
00796
00799
00800
00801
00802
00803
00804
00805
00806
00807
00808
00809
00810
00811
00812
00813
00814
00815
00816
00817
00818
00821
00822
00824
00825
00826
00827
00829
00830
00831
00832
00833
00834
00835
00839
00840
00841
00842
00843
00845
00846
00847
00848
00849
00851
00852
00855
00856
00857
00858
00859
00860
00861
00862
00863
00864
00865
00867
00868
00869
00870
00871
00872
00873
00875
00876
00877
00878
00879
00880
00881
00883
00884
00885
00886
00887
00888
00889
00890
00891
00892
00893
00894
00895
00897
00898
00899
00900
00901
00902
00903
00904
00905
00906
00907
00908
00909
00910
00911
00912
00913
00915
00917
00918
00919
00920
00921
00922
00923
00924
00925
00927
00928
00930
00931
00932
00934
00935
00936
00937
00938
00939
00941
00942
00943
00944
00945
00946
00947
00948
00949
00950
00951
00952
00953
00954
00955
00956
00957
00958
00959
00960
00961
00962
00963
00965
00966
00968
00969
00970
00971
00972
00975
00976
00977
00978
00979
00980
00981
00982
00984
00985
00986
00987
00988
00990
00991
00992
00993
00994
00995
00996
00997
00998
00999
01001
01003
01004
01005
01006
01007
01008
01009
01010
01012
01014
01015
01016
01017
01018
01019
01020
01021
01022
01023
01026
01027
01028
01031
01032
01033
01036
01038
01039
01041
01042
01043
01044
01045
01046
01047
01048
01052
01053
01055
01056
01058
01059
01060
01061
01062
01063
01064
01065
01066
01067
01068
01069
01070
01071
01072
01073
01074
01075
01076
01077
01078
01079
01080
01081
01082
01083
01084
01085
01086
01087
01088
01089
01090
01091
01092
01093
01094
01095
01096
01097
01098
01099
01100
01101
01102
01103
01104
01105
01106
01107
01108
01109
01110
01111
01112
01113
01114
01115
01116
01117
01118
01119
01120
01121
01122
01123
01124
01125
01126
01128
01129
01130
01131
01132
01133
01134
01135
01136
01137
01139
01140
01141
01142
01143
01144
01145
01146
01147
01148
01149
01150
01151
01152
01153
01154
01155
01156
01157
01158
01159
01160
01161
01162
01163
01164
01165
01166
01167
01168
01169
01170
01171
01172
01173
01174
01175
01176
01177
01178
01179
01180
01181
01182
01183
01184
01185
01186
01187
01188
01189
01190
01191
01192
01193
01195
01196
01199
01200
01201
01202
01203
01204
01205
01207
01208
01209
01210
01211
01212
01213
01214
01215
01216
01217
01218
01219
01220
01221
01222
01223
01224
01225
01226
01227
01228
01229
01230
01231
01232
01234
01236
01237
01239
01240
01241
01242
01243
01244
01245
01246
01247
01248
01249
01250
01251
01252
01253
01254
01255
02001
02002
02003
02004
02005
02006
02007
02008
02009
02010
02011
02012
02013
02014
02015
02016
02017
02018
02019
02020
02022
02023
02024
02025
02026
02027
02028
02029
02030
02031
02032
02033
02035
02036
02037
02038
02040
02041
02042
02043
02044
02045
02046
02049
02050
02051
02052
02053
02054
02056
02057
02058
02060
02061
02062
02063
02064
02065
02066
02068
02069
02070
02071
02072
02073
02074
02075
02076
02077
02078
02079
02080
02081
02083
02084
02085
02086
02087
02088
02090
02091
02092
02093
02094
02095
02097
02098
02099
02100
02101
02102
02103
02105
02107
02109
02110
02112
02113
02114
02115
02116
02117
02118
02119
02120
02121
02122
02123
02124
02125
02126
02127
02128
02129
02130
02131
02132
02133
02134
02135
02136
02138
02140
02141
02142
02144
02145
02147
02148
02152
02153
02154
02155
02156
02157
02158
02159
02160
02161
02162
02163
02164
02165
02166
02167
02168
02169
02171
02172
02173
02174
02175
02176
02177
02178
02179
02182
02183
02184
02185
02187
02188
02189
02190
02191
02192
02193
02194
02196
02197
02198
02200
02201
02202
02203
02205
02206
02207
02208
02209
02210
02211
02212
02213
02214
02215
02216
02217
02218
02219
02220
02221
02222
02223
02224
02225
02226
02227
02228
02229
02230
02232
02233
02234
02235
02236
02238
02239
02240
02241
02242
02243
02244
02245
02247
02248
02250
02252
02253
02255
02258
02259
02260
02261
02262
02263
02264
02265
02266
02268
02269
02270
02271
02272
02274
02275
02277
02279
02280
02282
02283
02284
02285
02286
02287
02288
02289
02290
02291
02293
02294
02296
02297
02298
02299
02300
02301
02302
02304
02305
02306
02307
02308
02309
02310
02311
02313
02315
02316
02317
02319
02320
02322
02323
02324
02325
02326
02327
02328
02329
02330
02331
02332
02333
02334
02335
02336
02337
02338
02339
02340
02341
02342
02343
02344
02345
02346
02347
02348
02349
02351
02352
02353
02354
02355
02357
02358
02359
02360
02361
02362
02363
02364
02365
02366
02367
02368
02369
02370
02371
02372
02373
02374
02375
02376
02377
02379
02380
02381
02382
02383
02384
02387
02389
02390
02391
02392
02393
02394
02395
02396
02397
02398
02400
02401
02403
02404
02405
02406
02407
02409
02410
02411
02412
02413
02414
02415
02417
02418
02419
02420
02421
02422
02423
02424
02425
02426
02428
02429
02430
02432
02434
02435
02436
02437
02438
02439
02444
02445
02446
02447
02448
02449
02450
02451
02452
02453
02455
02456
02457
02458
02460
02462
02464
02465
02466
02467
02468
02469
02471
02472
02473
02474
02475
02477
02478
02480
02481
02482
02483
02484
02485
02486
02487
02488
02489
02490
02495
02496
02497
02498
02499
02500
02501
02502
02503
02504
02505
02506
02508
02509
02510
02511
02512
02513
02514
02515
02516
02518
02519
02520
02521
02522
02523
02524
02525
02526
02527
02528
02529
02530
02531
02532
02533
02534
02535
02536
02537
02538
02540
02541
02542
02543
02544
02545
02546
02547
02548
02549
02550
02551
02553
02554
02555
02556
02557
02558
02559
02560
02563
02564
02565
02566
02567
02568
02569
02570
02571
02572
02573
02574
02575
02577
02578
02579
02580
02581
02582
02584
02586
02587
02588
02590
02591
02592
02593
02595
02597
02598
02599
02600
02601
02604
02605
02607
02608
02609
02610
02611
02612
02613
02614
02615
02617
02618
02619
02620
02621
02622
02623
02624
02625
02626
02627
02628
02629
02630
02631
02632
